0.4724029024907745
0.3549535419404831
0.3530958624490193
0.3529050798274102
0.3522625904200209
0.3519066565760675
0.3518793760982397
0.3516377890491980
0.3512926737302468
0.3512806716715981
0.3512545442854466
0.3511232560524978
0.3510894560169789
0.3510849813363490
0.3510158341647006
0.3510063482393665
0.3510040773129436
0.3509608212080766
0.3509480650070621
0.3509457541671000
0.3509416791141688
0.3508756219715503
0.3508715847672542
0.3508681307118456
0.3508254073660810
0.3508234230463834
0.3508214893850051
0.3508041878010519
0.3507874886078758
0.3507868753083429
0.3507848974050993
0.3507782527306012
0.3507747503009260
0.3507744229563297
0.3507736637263061
0.3507669860002884
0.3507665596251811
0.3507663937142758
0.3507644263358592
0.3507614425867797
0.3507613782907114
0.3507611026512391
0.3507596538037828
0.3507594536334848
0.3507594323791928
0.3507593729843175
0.3507590727889844
0.3507584107662152
0.3507583802992499
0.3507583650845824
0.3507583290712838
0.3507581982645094
0.3507578280880678
0.3507577699655500
0.3507577635711007
0.3507577541057391
0.3507577373972176
0.3507577018489149
0.3507576266947388
0.3507575752742110
0.3507575710018785
0.3507575693222242
0.3507575675128952
0.3507575654694657
0.3507575631133872
0.3507575603459320
0.3507575570274728
0.3507575529532518
0.3507575478215688
0.3507575412108423
0.3507575326651861
0.3507575222392558
0.3507575118468243
0.3507575049465017
0.3507575019558464
0.3507575006658135
0.3507574998572642
0.3507574991710611
0.3507574985085540
0.3507574978421419
0.3507574971639129
0.3507574964716209
0.3507574957647999
0.3507574950436725
0.3507574943088480
0.3507574935612485
0.3507574928021067
0.3507574920329838
0.3507574912557921
0.3507574904728135
0.3507574896867081
0.3507574889005075
0.3507574881175891
0.3507574873416253
0.3507574865765081
0.3507574858262439
0.3507574850948267
0.3507574843860920
0.3507574837035634
0.3507574830503050
