-1.218666701631850202e+00
-4.297874857442341434e-01
8.053269118406060356e-02
4.075326025661063500e-01
4.409152113530462325e-01
1.460172996300456993e-01
-7.442587800045129265e-02
2.871257893227843749e-01
6.913629564070483680e-01
2.945721507815168283e-01
5.829575447888984269e-02
0.000000000000000000e+00
-1.097066838846243826e-03
-3.335149628853092962e-01
-2.231745565687587862e-01
-8.212233889419187638e-02
8.392563663833220444e-02
-1.645874605629443488e-01
-3.879807149322651583e-01
-1.490106698906561444e-01
4.336807272291035020e-02
-2.561961336532559419e-01
5.930872338472238381e-01
-5.503572030038452745e-01
3.512842395932689876e-01
-1.967480522705692403e-01
-6.332058568539977728e-02
2.437066961940902998e-01
-1.005957392635295072e-01
-8.452487047506418438e-02
-2.945518100463141720e-02
7.573377960129986652e-01
-7.150604548542555117e-01
-1.750081156098944046e-01
-9.770424909828131499e-01
-2.561961336532559419e-01
-1.490106698906561444e-01
-1.990729634105767309e-01
8.618485756644291840e-01
9.857665297310850283e-01
-3.195012573963724178e-01
-6.614172952909885828e-01
-7.032082290106768385e-02
-6.772823519998343311e-01
-1.739764673590520616e-01
1.972579829433541709e-01
4.293242663909094814e-01
-1.459758226926028690e-01
-4.454761100897868253e-01
1.873091247173196416e-01
8.649043157194487019e-01
3.514560860022853950e-01
7.803590874744460726e-02
-1.384635609076554502e-02
1.172431739279094082e-01
-2.260058103762448423e-01
-1.453004356570624933e-01
-2.125696162596852068e-01
5.638493482806656854e-01
0.000000000000000000e+00
9.488910551909979230e-01
-6.555062811008204315e-01
2.443360798704904413e-01
-7.118860180486649702e-02
-7.604021938673691805e-01
-4.256037405613103397e-01
9.339305372036299513e-02
4.595654280178628204e-01
-9.863096456304835113e-01
-1.026958130109047324e-01
-1.834267053697143934e-01
-5.595036289933003060e-01
-1.599700532795742813e-01
-1.016923804489245242e+00
2.974501222163679071e-01
-8.207703278718470052e-01
1.012966455989718767e-01
-9.488047789538375243e-01
3.907560800875747170e-02
-2.817746912400598824e-01
2.427592498143482380e-01
2.292709300979215159e-01
3.172828280018959446e-01
1.973777216751581298e-01
-4.514491977777534970e-01
-5.080424336562832099e-01
1.639041629319326343e-01
-7.151202737978479274e-01
0.000000000000000000e+00
-6.658791669177945849e-01
6.658120319403784126e-01
1.019090223785157762e-01
1.322984577438976461e-01
-3.634920063364366905e-01
2.642006123826666775e-01
0.000000000000000000e+00
-3.544541087829544647e-04
7.587724099199002481e-01
8.937227981070867688e-01
8.847246634316385805e-02
-3.744971363668232051e-02
2.289905175474278576e-01
-1.742387538654599222e-01
5.681975755763934988e-02
-1.966421305723723978e-01
1.994143171067572773e-01
-2.172433419473403515e-01
-1.726802508462022424e-03
1.786474220516598432e-02
3.321278844224202498e-01
-3.560173066828567121e-04
-3.672941941254108389e-02
-1.156959158863128390e-01
-1.501689971403336044e-01
2.015515053951215663e-01
0.000000000000000000e+00
-1.466037366756670068e-01
3.679089464509192053e-01
-4.550931418746359536e-01
0.000000000000000000e+00
0.000000000000000000e+00
0.000000000000000000e+00
0.000000000000000000e+00
